%Q1
s = [150 150 150 160]; 
M = (s+10)*(1.1);

